Date,Time,CAC_max,CAC_min,CAC_imbalance,Nominal_full_pack,Nominal_remaining,Full_pack_when_new,Cell_temp_max,Cell_temp_min,Cell_temp_avg,Battery_inlet,Battery_flow,Radiator_bypass,Powertrain_flow,Front_oil_temp,Rear_oil_temp,F_Stator_temp,R_Stator_temp,Outside_temp,R_heat_sink,SeriesParallel
2025-06-01,0,205,201,4.0,67.9,64.7,82.1,28.5,26.0,27.0,27.6,5.8,0,9.3,35,33,45,48,18,32,Parallel
2025-07-01,0,204,200,4.0,67.8,64.5,82.1,31.0,27.5,29.0,29.5,6.0,0,9.5,38,36,50,52,22,34,Parallel
2025-08-01,0,203,199,4.0,67.6,64.2,82.1,33.5,29.0,31.0,31.2,6.2,10,9.8,40,38,55,58,25,36,Parallel
2025-09-01,0,202,198,4.0,67.4,63.9,82.1,30.0,27.0,28.0,28.5,5.9,0,9.4,37,35,48,50,20,33,Parallel
2025-10-01,0,201,197,4.0,67.2,63.5,82.1,26.0,24.0,25.0,25.5,5.7,0,9.1,34,32,42,45,15,30,Series
2025-11-01,0,200,196,4.0,67.0,63.2,82.1,22.0,20.0,21.0,21.5,5.5,0,8.9,30,29,38,40,10,28,Series
2025-12-01,0,199,195,4.0,66.8,62.9,82.1,18.0,16.0,17.0,17.5,5.3,0,8.7,28,27,35,37,5,26,Series
2026-01-01,0,198,194,4.0,66.6,62.6,82.1,17.0,15.0,16.0,16.5,5.2,0,8.6,27,26,34,36,4,25,Series
2026-02-01,0,198,194,4.0,66.5,62.5,82.1,19.0,17.0,18.0,18.5,5.4,0,8.8,29,28,36,38,6,27,Series
2026-03-01,0,199,195,4.0,66.7,62.8,82.1,23.0,20.0,21.0,22.0,5.6,0,9.0,32,30,40,42,12,29,Parallel
2026-04-01,0,200,196,4.0,67.0,63.1,82.1,26.5,23.0,24.0,25.0,5.8,0,9.2,34,33,43,46,15,31,Parallel
2026-05-01,0,201,197,4.0,67.3,63.4,82.1,29.0,25.0,26.0,27.0,6.0,0,9.4,36,35,47,50,18,33,Parallel
2026-06-01,0,202,198,4.0,67.5,63.7,82.1,30.5,26.5,27.5,28.0,6.1,0,9.5,37,36,49,52,20,34,Parallel